00000000001000001000000100110011
00000000101000110000001010010011
00000000000000110010000110110111
00000000010000011010010100100011
11111111111111111110001111101111
11111110101101010000110111100011
00000000101000100010001010000011


000000000000 00110 010 00000 0000011
000000000000 00111 010 00001 0000011
000000000000 01000 010 00010 0000011
0000000 00001 00010 000 00010 0110011
000000000001 00001 000 00001 0010011
1111111 00000 00001 100 11110 1100011

00000000000000110010000000000011
00000000000000111010000010000011
00000000000001000010000100000011
00000000000100010000000100110011
00000000000100001000000010010011
11111110000000001100111101100011


000000000000 00110 010 00000 0000011
000000000000 00111 010 00001 0000011
000000000000 01000 010 00010 0000011
0000000 00001 00010 000 00010 0110011
000000000001 00001 000 00001 0010011
0000000 00000 00001 000 00010 1100011
11111111111111111101 00011 1101111


00000000000000110010000000000011
00000000000000111010000010000011
00000000000001000010000100000011
00000000000100010000000100110011
00000000000100001000000010010011
00000000000000001000000101100011
11111111111111111101000111101111
00000000001011111010000000100011


